========================================================================
----------------------------------DPR Results---------------------------
========================================================================
D   p       atck#  r       total_xmits  xmits/pkt  max_xmits/pkt  E2E_delay  finish_time
--  ------  -----  ------  -----------  ---------  -------------  ---------  -----------
5     0.00  0      100.00  1300.00       13.00       1.00           2.02     498.75     
5     0.00  1        0.00  100.00          Inf        NaN            NaN     995.33     
5    10.00  0      100.00  1338.00       13.38       1.00           2.02     1494.08    
5    10.00  1       22.00  480.00        21.82       1.00           1.75     1990.65    
5    20.00  0      100.00  1418.00       14.18       1.00           2.02     2489.40    
5    20.00  1       39.00  826.00        21.18       0.97           1.83     2990.39    
5    30.00  0      100.00  1482.00       14.82       1.00           2.02     3489.14    
5    30.00  1       51.00  1088.00       21.33       1.00           1.82     3985.84    
5    40.00  0      100.00  1570.00       15.70       1.00           2.02     4484.59    
5    40.00  1       63.00  1292.00       20.51       1.00           1.87     4981.16    
5    50.00  0      100.00  1636.00       16.36       1.00           2.02     5479.91    
5    50.00  1       80.00  1478.00       18.48       0.99           1.86     5980.90    
5    60.00  0      100.00  1680.00       16.80       1.00           2.02     6479.65    
5    60.00  1       86.00  1626.00       18.91       1.00           1.85     6980.64    
5    70.00  0      100.00  1708.00       17.08       1.00           2.02     7479.39    
5    70.00  1       95.00  1706.00       17.96       0.98           1.90     7978.13    
5    80.00  0      100.00  1728.00       17.28       1.00           2.02     8476.88    
5    80.00  1       95.00  1712.00       18.02       0.99           1.94     8973.46    
5    90.00  0      100.00  1696.00       16.96       1.00           2.02     9472.21    
5    90.00  1       98.00  1716.00       17.51       1.00           1.99     9970.96    
5   100.00  0      100.00  1700.00       17.00       1.00           2.02     10469.71   
5   100.00  1      100.00  1700.00       17.00       1.00           2.02     10968.45   
8     0.00  0      100.00  2700.00       27.00       1.00           0.55     11467.35   
8     0.00  1        0.00  100.00          Inf        NaN            NaN     11963.87   
8    10.00  0      100.00  2934.00       29.34       1.00           0.55     12462.77   
8    10.00  1       45.00  846.00        18.80       1.02           2.01     12964.15   
8    20.00  0      100.00  3150.00       31.50       1.00           0.55     13463.05   
8    20.00  1       71.00  1532.00       21.58       1.03           1.79     13959.56   
8    30.00  0      100.00  3372.00       33.72       1.00           0.56     14457.60   
8    30.00  1       84.00  2160.00       25.71       1.05           1.38     14957.61   
8    40.00  0      100.00  3538.00       35.38       1.00           0.55     15456.55   
8    40.00  1       87.00  2604.00       29.93       1.02           1.59     15955.47   
8    50.00  0      100.00  3824.00       38.24       1.00           0.57     16454.69   
8    50.00  1       93.00  3286.00       35.33       1.00           1.61     16953.58   
8    60.00  0      100.00  3940.00       39.40       1.00           0.55     17452.52   
8    60.00  1       96.00  3536.00       36.83       1.01           1.26     17951.42   
8    70.00  0      100.00  4048.00       40.48       1.00           0.55     18450.33   
8    70.00  1       96.00  3852.00       40.12       1.01           1.16     18949.56   
8    80.00  0      100.00  4238.00       42.38       1.00           0.55     19448.47   
8    80.00  1       99.00  4152.00       41.94       1.01           0.79     19947.42   
8    90.00  0      100.00  4370.00       43.70       1.00           0.55     20446.33   
8    90.00  1      100.00  4336.00       43.36       1.00           0.76     20945.28   
8   100.00  0      100.00  4500.00       45.00       1.00           0.55     21444.19   
8   100.00  1      100.00  4500.00       45.00       1.00           0.55     21943.11   
15    0.00  0       98.00  4514.00       46.06       1.02           1.99     22442.98   
15    0.00  1        0.00  300.00          Inf        Inf            NaN     22939.54   
15   10.00  0       97.00  5034.00       51.90       1.03           2.21     23439.42   
15   10.00  1       51.00  3090.00       60.59       1.90           2.98     23940.73   
15   20.00  0       95.00  5272.00       55.49       1.05           2.18     24441.78   
15   20.00  1       68.00  4214.00       61.97       1.46           2.97     24942.92   
15   30.00  0       91.00  5456.00       59.96       1.10           2.47     25442.80   
15   30.00  1       71.00  4806.00       67.69       1.41           2.83     25943.80   
15   40.00  0       83.00  5740.00       69.16       1.20           2.52     26442.98   
15   40.00  1       72.00  4960.00       68.89       1.38           2.78     26942.01   
15   50.00  0       83.00  5846.00       70.43       1.20           2.47     27441.05   
15   50.00  1       72.00  5260.00       73.06       1.36           2.66     27941.13   
15   60.00  0       78.00  5796.00       74.31       1.28           2.62     28441.11   
15   60.00  1       86.00  5480.00       63.72       1.15           2.54     28941.05   
15   70.00  0       83.00  6092.00       73.40       1.20           2.77     29441.03   
15   70.00  1       84.00  5536.00       65.90       1.18           2.39     29941.15   
15   80.00  0       82.00  6340.00       77.32       1.22           3.05     30441.13   
15   80.00  1       96.00  5614.00       58.48       1.04           2.23     30940.97   
15   90.00  0       90.00  6532.00       72.58       1.11           3.17     31440.95   
15   90.00  1       96.00  5832.00       60.75       1.04           2.07     31940.92   
15  100.00  0       99.00  6798.00       68.67       1.00           3.36     32440.90   
15  100.00  1      100.00  6100.00       61.00       1.00           1.93     32939.99   

========================================================================
----------------------------------RPR Results---------------------------
========================================================================
D   attacks  recved  forwd  pktcost  maxpktcost  e2edly  fintim   
--  -------  ------  -----  -------  ----------  ------  ---------
5   0        100     4922   49.22    3.85        0.25    39644.04 
5   1        100     4950   49.5     3.85        0.25    79286.56 
8   0        100     10182  101.82   3.77        0.22    118930.05
8   1        100     10274  102.74   3.77        0.22    158575.04
15  0        100     34512  345.12   2.55        0.29    198220.96
15  1        100     32196  321.96   3.81        0.29    237868.96
